18
806
527 21 34
0 0 0 0 0 
0 0 0 0 0 
100 0 100 0 1
0 0 0 0 0 0 0 0 0 0 
4
4147 2286 3881 1495 
1500 140 140 50 
853 96 47 20 
5000 5000 5000 5000 
Peasants
527 0 15 50 10 3 1238 1
Merchants
232 100 50 55 8 3 464 0
Nobles
47 18 45 45 3 2 100 0
12
94 7 0 10
100 75 75 100 75 100 94 75 100 100 
5000 100 5 0
0 0 0 0 0 0 0 0 0 0 0 0 0 0 0 0 0 0 0 0 0 0 0 0 0 0 0 0 0 0 0 0 0 0 0 0 0 0 0 0 0 0 0 0 0 0 0 0 0 0 0 0 0 0 0 0 0 0 0 0 0 0 0 0 0 0 0 0 0 0 0 0 0 0 0 0 0 0 0 0 0 0 0 0 0 0 0 0 0 0 0 0 0 0 0 0 0 0 0 0 
8
0 0 0 0 0 0 0 0 
0 0 0 0 0 0 0 0 
0 0 0 0 0 0 0 0 
