3 2
1
1284
1654 20 0
0 0 0 0 0 0 0 0 0 0 76 0 100 0 1 0 0 0 0 0 0 0 0 0 0 
4 3666 309 329 241 1500 100 80 50 1334 121 60 26 5000 5000 5000 5000 1.68 1.3087 1.22 1.312 0 0 0 0 
Peasants 1029 60 50 50 5 3 2028 0
Merchants 205 60 52 55 4 3 404 0
Nobles 50 52 50 45 3 2 100 0
1 46 1 0 10
10000 0.1 0
0 0
8
0 0 0 0 0 0 1 0 
0 0 0 0 0 0 27 0 
0 0 0 0 0 0 2 0 
Famine
Plague
War
Drought
Storm
Rebellion
Trade Boom
Good Harvest
2
1284
1503 20 0
0 0 0 0 0 0 0 0 0 0 76 0 100 0 1 0 0 0 0 0 0 0 0 0 0 
4 3666 309 328 241 1500 100 80 50 1334 121 60 26 5000 5000 5000 5000 1.68 1.3087 1.2 1.3 0 0 0 0 
Peasants 1029 60 50 50 5 3 2028 0
Merchants 205 56 50 50 4 3 404 0
Nobles 50 52 50 50 3 2 100 0
2 46 1 0 10
10000 0.1 0
0 0
8
0 0 0 0 0 0 0 0 
0 0 0 0 0 0 0 0 
0 0 0 0 0 0 0 0 
Famine
Plague
War
Drought
Storm
Rebellion
Trade Boom
Good Harvest
0
0 50
0 0
0
1 1
 0
 0
 0
 0
2 1
 0
 0
 0
 0
 0
 0
 0
 0
 0
 0
 0
 0
 0
 0
 0
 0
 0
 0
 0
0 2 0 0 0 0 0 0 0 0 0 0 0 0 0 0 0 0 0 0 0 0 0 0 0 0 0 0 0 0 0 0 0 0 0 0 0 0 0 0 0 0 0 0 0 0 0 0 0 0 
